-------------------------------------
Матрица
Результат
x1 = 5.26166
x2 = -4.83017
x3 = 3.72881
x4 = -18.1283
x5 = 5.58359
x6 = -12.2512
x7 = -4.77379
x8 = 2.6479
x9 = 25.4698
x10 = -2.58194
x11 = -2.35833
x12 = 10.9027
x13 = -5.01719
x14 = 26.3776
x15 = 14.5337
x16 = 19.8013
x17 = -13.1903
x18 = -1.84119
x19 = -4.37585
x20 = -19.0081
x21 = -10.4737
x22 = -10.8815
x23 = 6.74091
x24 = 0.100565
x25 = -13.04
x26 = 3.79845
x27 = -7.25635
x28 = 3.75183
x29 = 0.561083
x30 = -11.1554
x31 = 4.298
x32 = -15.4999
x33 = -17.0755
x34 = 6.33777
x35 = 9.21028
x36 = 0.903338
x37 = 11.7692
x38 = 8.7738
x39 = 3.27111
x40 = 3.33966
x41 = 13.5734
x42 = 0.855968
x43 = 6.85393
x44 = 5.29297
x45 = 5.569
x46 = 1.75893
x47 = 4.64646
x48 = -24.4013
x49 = 4.58388
x50 = -16.9674
x51 = -5.28931
x52 = -0.264351
x53 = -16.4613
x54 = -11.6123
x55 = -11.717
x56 = 24.3052
x57 = 15.1387
x58 = -17.6001
x59 = 18.3875
x60 = 11.5267
x61 = 4.29542
x62 = -13.4003
x63 = -12.0638
x64 = 10.8206
x65 = -10.4684
x66 = 3.12712
x67 = 3.33501
x68 = -3.914
x69 = 12.8477
x70 = -25.5437
x71 = 9.08734
x72 = 7.14707
x73 = -7.30514
x74 = -2.51785
x75 = -5.9742
x76 = -3.80353
x77 = -4.48083
x78 = 8.54208
x79 = 6.74787
x80 = 15.7807
x81 = -0.230254
x82 = 2.30436
x83 = -2.78068
x84 = 0.814067
x85 = -3.58569
x86 = 5.47843
x87 = 12.2457
x88 = 0.307611
x89 = 4.2153
x90 = -21.8034
x91 = -8.50344
x92 = 8.7878
x93 = -13.9849
x94 = 4.44372
x95 = -3.69892
x96 = -4.41401
x97 = 9.04298
x98 = 21.1395
x99 = -11.6912
x100 = 6.85161
x101 = -3.40582
x102 = 0.0741319
x103 = -4.83854
x104 = 7.78453
x105 = 2.99788
x106 = -12.2949
x107 = 11.446
x108 = 3.49604
x109 = -12.7053
x110 = 2.97835
x111 = 5.87465
x112 = 13.3321
x113 = -20.2011
x114 = 3.18991
x115 = 9.0529
x116 = 7.86359
x117 = -1.24194
x118 = -14.8506
x119 = -6.03243
x120 = 19.2797
x121 = 11.6113
x122 = -6.29161
x123 = -8.42646
x124 = 4.24234
x125 = -15.52
x126 = -18.2601
x127 = 15.7088
x128 = -5.09271
x129 = 8.53215
x130 = -6.94019
x131 = 5.6488
x132 = 10.7886
x133 = 9.38625
x134 = -18.3095
x135 = 15.2882
x136 = -11.1803
x137 = -4.19154
x138 = -2.5002
x139 = -8.55297
x140 = 11.2265
x141 = 3.66739
x142 = -10.3251
x143 = -22.1597
x144 = 3.41127
x145 = 21.0744
x146 = 10.4247
x147 = 3.97594
x148 = -5.04455
x149 = -1.95009
x150 = -17.2884
x151 = -17.5514
x152 = -5.25242
x153 = 2.9568
x154 = -12.8734
x155 = 28.8514
x156 = 25.5291
x157 = -15.9149
x158 = -5.74106
x159 = 20.468
x160 = 1.55484
x161 = -18.3474
x162 = 25.8651
x163 = -1.89103
x164 = 8.63749
x165 = -20.2303
x166 = -8.00852
x167 = 21.399
x168 = -3.15264
x169 = 1.49186
x170 = -8.27435
x171 = -15.5651
x172 = -7.36548
x173 = 0.855673
x174 = 2.82469
x175 = -2.29779
x176 = 10.3144
x177 = 18.0218
x178 = 6.04435
x179 = -15.094
x180 = 0.381549
x181 = -15.7708
x182 = -2.00784
x183 = -11.1675
x184 = 16.3146
x185 = -1.50415
x186 = -17.1193
x187 = 6.90989
x188 = -10.9372
x189 = 13.9393
x190 = -17.1739
x191 = 20.9151
x192 = -4.17187
x193 = -15.7461
x194 = 7.43775
x195 = 11.8798
x196 = -20.6795
x197 = -3.60024
x198 = 14.9166
x199 = 28.5463
x200 = -0.809577
Погрешность: 5.26924e-12

 Погрешность. Хорошо обусловленных матриц: 
Матрица порядка 1: 1.68629e-11
 Погрешность. Плохо обусловленных матриц:
k = 2, Погрешность = 5.09819e-07
k = 4, Погрешность = 3.50733e-07
k = 6, Погрешность = 6.99939e-07
-------------------------------------
